-58.043600 86.115254 30.000000 0.000250 0.489667 
-126.026959 32.618045 60.000000 0.000250 0.479667 
-93.055627 33.906607 90.000000 0.000250 0.469667 
664.580884 228.930377 120.000000 0.000250 0.459667 
708.689475 143.067516 150.000000 0.000250 0.449667 
791.661105 33.992197 180.000000 0.000250 0.439667 
388.626869 175.078892 210.000000 0.000250 0.429667 
709.612675 158.110217 240.000000 0.000250 0.419667 
553.300391 131.476913 270.000000 0.000250 0.409667 
797.835677 13.529794 300.000000 0.000250 0.399667 
710.449407 65.578836 330.000000 0.000250 0.389667 
838.095462 8.156092 360.000000 0.000250 0.379667 
769.063489 26.759706 390.000000 0.000250 0.369667 
463.585465 193.061520 420.000000 0.000250 0.359667 
425.427350 231.083287 450.000000 0.000250 0.349667 
671.752850 34.119000 480.000000 0.000250 0.339667 
738.227233 25.373465 510.000000 0.000250 0.329667 
865.721412 44.366229 540.000000 0.000250 0.319667 
823.503513 18.438066 570.000000 0.000250 0.309667 
827.449904 29.621692 600.000000 0.000250 0.299667 
244.575407 202.156265 630.000000 0.000250 0.289667 
718.115332 63.602253 660.000000 0.000250 0.279667 
668.546486 238.993949 690.000000 0.000250 0.269667 
803.854996 22.234113 720.000000 0.000250 0.259667 
884.768983 37.824108 750.000000 0.000250 0.249667 
771.494348 26.034792 780.000000 0.000250 0.239667 
721.962865 18.191684 810.000000 0.000250 0.229667 
646.995902 78.673218 840.000000 0.000250 0.219667 
827.933649 5.221573 870.000000 0.000250 0.209667 
569.756852 166.275499 900.000000 0.000250 0.199667 
814.544949 36.100066 930.000000 0.000250 0.189667 
828.190962 15.844119 960.000000 0.000250 0.179667 
18.745948 69.313493 990.000000 0.000250 0.169667 
594.442971 101.627480 1020.000000 0.000250 0.159667 
824.581180 27.936620 1050.000000 0.000250 0.149667 
823.595448 5.995667 1080.000000 0.000250 0.139667 
550.369304 244.130959 1110.000000 0.000250 0.129667 
613.129973 77.936374 1140.000000 0.000250 0.119667 
826.650893 16.190116 1170.000000 0.000250 0.109667 
551.736063 194.236739 1200.000000 0.000250 0.100000 
825.100729 5.565698 1230.000000 0.000250 0.100000 
375.611053 139.822063 1260.000000 0.000250 0.100000 
6.844185 93.386949 1290.000000 0.000250 0.100000 
815.933421 11.347792 1320.000000 0.000250 0.100000 
662.486191 153.381468 1350.000000 0.000250 0.100000 
