-80.221424 27.253526 30.000000 0.000250 0.783467 
419.163030 163.283408 60.000000 0.000250 0.767467 
462.689551 221.753766 90.000000 0.000250 0.751467 
194.354839 119.304004 120.000000 0.000250 0.735467 
732.843901 74.141706 150.000000 0.000250 0.719467 
236.187074 75.241630 180.000000 0.000250 0.703467 
333.515620 107.236380 210.000000 0.000250 0.687467 
490.098682 103.230965 240.000000 0.000250 0.671467 
562.549224 84.949651 270.000000 0.000250 0.655467 
324.530674 201.206790 300.000000 0.000250 0.639467 
-113.244441 7.491884 330.000000 0.000250 0.623467 
-82.810340 44.127873 360.000000 0.000250 0.607467 
-50.156299 29.363735 390.000000 0.000250 0.591467 
457.739986 44.807787 420.000000 0.000250 0.575467 
173.259747 166.070843 450.000000 0.000250 0.559467 
765.157155 10.158340 480.000000 0.000250 0.543467 
717.583212 71.491005 510.000000 0.000250 0.527467 
558.671078 155.028029 540.000000 0.000250 0.511467 
254.965897 152.679565 570.000000 0.000250 0.495467 
554.380970 184.272053 600.000000 0.000250 0.479467 
876.651034 25.650915 630.000000 0.000250 0.463467 
-83.121274 25.740742 660.000000 0.000250 0.447467 
757.141839 48.961597 690.000000 0.000250 0.431467 
279.489794 117.620447 720.000000 0.000250 0.415467 
675.307607 125.008248 750.000000 0.000250 0.399467 
795.627716 54.079464 780.000000 0.000250 0.383467 
754.294230 20.606768 810.000000 0.000250 0.367467 
821.805235 7.044977 840.000000 0.000250 0.351467 
609.498208 59.365568 870.000000 0.000250 0.335467 
801.685747 113.211067 900.000000 0.000250 0.319467 
772.129717 24.574992 930.000000 0.000250 0.303467 
702.656846 92.193623 960.000000 0.000250 0.287467 
354.770115 58.501715 990.000000 0.000250 0.271467 
687.725631 58.239407 1020.000000 0.000250 0.255467 
814.221690 20.514830 1050.000000 0.000250 0.239467 
850.481491 27.802492 1080.000000 0.000250 0.223467 
888.589462 31.373675 1110.000000 0.000250 0.207467 
742.343817 217.522843 1140.000000 0.000250 0.191467 
772.854881 10.257064 1170.000000 0.000250 0.175467 
