-60.523754 31.563107 30.000000 0.000250 0.979333 
-58.480222 3.169124 60.000000 0.000250 0.959333 
-120.969603 26.294112 90.000000 0.000250 0.939333 
-125.635702 3.158901 120.000000 0.000250 0.919333 
-77.191894 36.299257 150.000000 0.000250 0.899333 
-130.314309 0.909843 180.000000 0.000250 0.879333 
-79.160464 4.518753 210.000000 0.000250 0.859333 
-78.036422 2.577206 240.000000 0.000250 0.839333 
-121.857642 4.070128 270.000000 0.000250 0.819333 
-107.967233 32.261410 300.000000 0.000250 0.799333 
-85.123408 3.326900 330.000000 0.000250 0.779333 
-78.486638 3.588676 360.000000 0.000250 0.759333 
-103.696672 19.277143 390.000000 0.000250 0.739333 
-58.121379 4.548799 420.000000 0.000250 0.719333 
-50.002006 3.579387 450.000000 0.000250 0.699333 
-128.616031 4.401407 480.000000 0.000250 0.679333 
-129.438978 0.736345 510.000000 0.000250 0.659333 
-122.450871 4.211612 540.000000 0.000250 0.639333 
-39.560197 46.727622 570.000000 0.000250 0.619333 
35.867785 55.457599 600.000000 0.000250 0.599333 
15.976124 87.265536 630.000000 0.000250 0.579333 
-0.963987 32.093739 660.000000 0.000250 0.559333 
37.910415 37.075198 690.000000 0.000250 0.539333 
33.029828 47.683382 720.000000 0.000250 0.519333 
-20.257884 31.137781 750.000000 0.000250 0.499333 
-11.124326 29.853959 780.000000 0.000250 0.479333 
66.494938 38.485701 810.000000 0.000250 0.459333 
204.482526 128.471700 840.000000 0.000250 0.439333 
168.515479 80.954222 870.000000 0.000250 0.419333 
37.806204 36.525005 900.000000 0.000250 0.399333 
-55.135193 29.778508 930.000000 0.000250 0.379333 
-55.449810 5.853724 960.000000 0.000250 0.359333 
226.106093 13.259120 990.000000 0.000250 0.339333 
282.995589 100.062226 1020.000000 0.000250 0.319333 
111.875170 50.718814 1050.000000 0.000250 0.299333 
444.975186 201.714188 1080.000000 0.000250 0.279333 
321.193634 181.267423 1110.000000 0.000250 0.259333 
499.674377 105.992390 1140.000000 0.000250 0.239333 
335.645447 54.410684 1170.000000 0.000250 0.219333 
568.598680 122.403722 1200.000000 0.000250 0.199333 
413.114828 175.874922 1230.000000 0.000250 0.179333 
325.584201 199.373083 1260.000000 0.000250 0.159333 
335.433197 229.535049 1290.000000 0.000250 0.139333 
313.216584 50.127160 1320.000000 0.000250 0.119333 
119.161271 15.409980 1350.000000 0.000250 0.100000 
683.935855 187.973553 1380.000000 0.000250 0.100000 
681.064383 57.470530 1410.000000 0.000250 0.100000 
