-126.653166 3.021190 30.000000 0.000250 0.489667 
-111.000827 5.045313 60.000000 0.000250 0.479667 
-89.190534 9.041298 90.000000 0.000250 0.469667 
-80.877384 30.635811 120.000000 0.000250 0.459667 
-58.432479 3.146231 150.000000 0.000250 0.449667 
-60.343819 33.054275 180.000000 0.000250 0.439667 
-61.903064 14.945285 210.000000 0.000250 0.429667 
-3.708299 26.640259 240.000000 0.000250 0.419667 
93.938754 131.296569 270.000000 0.000250 0.409667 
152.412462 119.867291 300.000000 0.000250 0.399667 
15.000618 35.581153 330.000000 0.000250 0.389667 
138.289220 30.416210 360.000000 0.000250 0.379667 
-29.516092 10.581772 390.000000 0.000250 0.369667 
282.771598 48.461162 420.000000 0.000250 0.359667 
129.686499 40.251005 450.000000 0.000250 0.349667 
410.175504 55.638422 480.000000 0.000250 0.339667 
269.677277 76.377994 510.000000 0.000250 0.329667 
334.003676 98.958124 540.000000 0.000250 0.319667 
339.249641 102.712351 570.000000 0.000250 0.309667 
304.815864 131.326859 600.000000 0.000250 0.299667 
485.279312 159.515790 630.000000 0.000250 0.289667 
439.003261 114.881638 660.000000 0.000250 0.279667 
460.782583 205.669376 690.000000 0.000250 0.269667 
465.606383 161.375092 720.000000 0.000250 0.259667 
345.046401 103.096256 750.000000 0.000250 0.249667 
378.499546 144.264998 780.000000 0.000250 0.239667 
688.882186 64.033749 810.000000 0.000250 0.229667 
756.431790 37.224162 840.000000 0.000250 0.219667 
656.668426 165.986312 870.000000 0.000250 0.209667 
648.785308 133.850770 900.000000 0.000250 0.199667 
483.703783 146.936783 930.000000 0.000250 0.189667 
291.844024 255.590851 960.000000 0.000250 0.179667 
340.212297 163.168425 990.000000 0.000250 0.169667 
6.517783 84.162713 1020.000000 0.000250 0.159667 
692.533156 37.442819 1050.000000 0.000250 0.149667 
549.754690 143.326608 1080.000000 0.000250 0.139667 
722.401434 23.184174 1110.000000 0.000250 0.129667 
471.980976 225.086060 1140.000000 0.000250 0.119667 
289.999287 114.633685 1170.000000 0.000250 0.109667 
445.480165 143.626240 1200.000000 0.000250 0.100000 
358.653652 130.895356 1230.000000 0.000250 0.100000 
675.693268 133.284367 1260.000000 0.000250 0.100000 
651.551380 111.030508 1290.000000 0.000250 0.100000 
720.770990 37.546606 1320.000000 0.000250 0.100000 
672.679568 170.240367 1350.000000 0.000250 0.100000 
764.780430 28.288936 1380.000000 0.000250 0.100000 
283.622544 53.082656 1410.000000 0.000250 0.100000 
579.866281 223.543440 1440.000000 0.000250 0.100000 
818.839451 9.816188 1470.000000 0.000250 0.100000 
716.030062 12.260884 1500.000000 0.000250 0.100000 
760.260356 29.520327 1530.000000 0.000250 0.100000 
533.306808 96.687322 1560.000000 0.000250 0.100000 
